40
16
0 0 0 0 0 0 0 0 0 0 0 0 0 0 0 0 0 0 0 0 0 0 0 0 0 0 0 0 0 0 0 0 0 0 0 0 0 0 0 0
0 0 0 0 0 0 0 0 0 0 0 0 0 0 0 0 0 0 0 0 0 0 0 0 0 0 0 0 0 0 0 0 0 0 0 0 0 0 0 0
0 0 0 0 0 0 0 0 0 0 0 0 0 0 0 0 0 0 0 0 0 0 0 0 0 0 0 0 0 0 0 0 0 0 0 0 0 0 0 0
0 0 0 0 0 0 0 0 0 0 0 0 0 0 0 0 0 0 0 0 0 0 0 0 0 0 0 0 0 0 0 0 0 0 0 0 0 0 0 0
0 0 0 0 0 0 0 0 0 0 0 0 0 0 0 0 0 0 0 0 0 0 0 0 0 0 0 0 0 0 0 0 0 0 0 0 0 0 0 0
0 0 0 0 0 0 0 0 0 0 0 0 0 0 0 0 0 0 0 20 0 0 0 0 0 0 0 0 0 0 0 0 0 0 0 0 0 0 0 0
0 0 0 0 0 0 0 0 0 0 0 0 0 0 0 0 0 0 15 15 15 0 0 0 0 0 0 0 0 0 0 0 0 0 0 0 0 0 0 0
0 0 0 0 0 0 0 0 20 0 0 0 0 0 0 0 0 0 0 0 0 0 0 20 0 0 0 0 0 0 0 0 20 0 0 0 0 0 0 0
0 0 0 0 0 0 0 15 15 15 0 0 0 0 0 0 0 0 0 0 0 15 15 15 0 0 0 0 0 0 0 15 15 15 0 0 0 0 0 0
0 0 0 0 0 15 15 0 0 0 0 0 0 0 0 0 0 0 0 17 0 0 0 0 0 0 0 0 0 0 0 0 0 0 0 0 15 0 18 0
20 0 0 15 0 0 0 0 0 0 0 0 16 0 0 0 0 0 17 17 0 0 0 0 0 0 0 17 16 0 15 0 0 0 15 0 0 0 15 0
2 4 4 4 4 6 0 0 15 0 5 4 4 6 0 0 5 4 4 4 7 12 12 12 8 4 4 4 4 4 9 4 4 4 10 11 4 4 4 4
14 1 1 1 1 1 4 9 9 9 1 1 1 1 7 8 1 1 1 1 1 1 9 1 1 1 1 1 1 1 9 1 1 1 1 1 1 1 1 1
14 1 1 1 1 1 1 9 9 9 1 1 1 1 1 1 1 1 1 1 1 9 9 1 1 1 1 1 1 1 9 1 1 1 1 1 1 1 1 1
14 1 1 1 1 1 1 9 9 9 1 1 1 1 1 1 1 1 1 1 1 9 9 9 1 1 12 12 12 12 12 12 12 1 1 1 1 1 1 1
14 1 1 1 1 1 1 7 12 8 1 1 1 1 1 1 1 1 1 1 1 10 12 11 1 1 1 1 1 1 1 1 1 1 1 1 1 1 1 1