50
16
 0  0  0  0  0  0  0  0  0  0  0  0  0  0  0  0  0  0  0  0  0  0  0  0  0  0  0  0  0  0  0  0  0  0  0  0  0  0  0  0  0  0  0  0  0  0  0  0  0  0
 0  0  0  0  0  0  0  0  0  0  0  0  0  0  0 0 0  0  0  0  0  0  0  0  0  0  0  0  0  0  0  0  0  0  0  0  0  0  0  0  0  0  0  0  0  0  0  0  0  0
 0  0  0  0  0  0  0  0  0  0  0  0 0  0  0  0  0  0  0  0  0  0  0  0  0  0  0  0  0  0  0  0  0  0  0  0  0  0  0  0  0  0  0  0  0  0  0  0  0  273
 0  0  0  0  0  0  0  0  0  0  0  270  215  0  0  271  215  0  0  270  0  0  0  0  0  0  0  0  0  0  0  0  0  0  270  0  0  0  0  0  0  0  0  0  0  0  0  0  0  215
 0  0  0  0  0  0  0  0  0  0  0  215  215  215  0  215  215  215  215  215  0  0  0  0  0  0  0  0  0  0  0  0  0  215  215  0  270  0  0  0  0  0  0  0  0  0  0  215  215  215
 0  0  215  0  271  0  0  0  270  0  0  0  0  0  0  0  0  0  0  0  0  0  0  215  0  0  0  0  0  0  0  0  215  215  215  215  215  0  0  0  0  0  0  0  0  0  0  271  0  0
 0  0  215  215  215  0  0  0  215  215  215  0  0  0  0  0  0  0  0  0  0  0  215  215  215  0  0  0  0  0  0  271  0  0  0  0  0  0  270  0  0  0  0  0  0  215  215  215  0  0
 0  0  0  0  0  0  0  215  0  270  0  0  0  0  0  0  0  0  0  215  215  0  270  0  0  0  0  0  0  0  215  215  0  0  0  0  215  215  215  215  0  0  0  0  270  0  0  0  0  0
 0  0  0  0  0  0  215  215  215  215  0  0  0  0  0  0  270  0  215  215  215  215  215  0  0  0  0  0  0  0  0  0  0  0  0  0  0  0  0  0  0  0  0  215  215  0  0  0  0  0
 0  0  0  0  0  0  0  0  0  215  215  215  215  0  0  0  215  0 271  0  0  0  0  0  0  0  215  0  215  215  215 0 0  215  0  215  0  0  0  0  0  0  215  0  215  215  215  0  215  215
 270  0  0  215  215  0  0  0  270  0  0  270  0  0  0  0  215  215  215  0  0  0  0  0  0  0  0  0  0  0  0  0  270  0  0  0  0  0  0  0  0  270  0  0  0  0  0  0  0  270
 204  204  272  204  207  209  208  204  204  204  204  204  207  209  208  204  204  209  212  212  212  212  209  209  204  204  207  209  208  204  204  204  204  207  209  209  208  203  272  272  202  204  204  210  212  209  204  272  209  204
 214  201  201  201  201  209  201  201  201  201  201  201  201  209  201  209  212  212  201  201  201  201  207  209  209  201  201  209  201  201  209  212  212  212  212  209  201  201  204  204  201  201  201  201  201  209  201  201  209  213
 214  201  201  201  201  209  212  212  212  209  201  201  201  209  201  209  201  201  201  201  201  201  201  207  209  201  201  209  201  201  209  201  201  201  201  209  209  209  212  212  212  212  212  212  212  212  212  212  209  213
 214  201  201  209  209  209  201  201  201  209  201  201  201  209  212  211  201  201  209  209  209  209  212  212  212  212  212  209  209  201  209  201  201  201  201  209  209  209  201  201  201  201  201  201  201  201  201  201  212  213
 214  201  210  212  212  211  201  201  201  210  212  212  212  211  201  201  201  201  212  212  212  212  201  201  201  201  201  210  212  212  212  201  201  201  201  212  212  212  201  201  201  201  201  201  201  201  201  201  201  213