60
16
0 0 0 0 0 0 0 0 0 0 0 0 0 0 0 0 0 0 0 0 0 0 0 0 0 0 0 0 0 0 0 0 0 0 0 0 0 0 0 0 0 0 0 0 0 0 0 0 0 0 0 0 0 0 0 0 0 0 0 0
0 0 0 0 0 376 0 0 0 0 0 0 0 0 0 0 0 0 0 0 0 0 0 0 0 0 0 0 0 0 0 0 0 0 0 0 0 0 0 0 0 0 0 0 0 0 0 0 0 0 0 0 0 0 0 0 0 0 371 0
0 0 0 0 315 315 0 0 372 0 0 0 0 0 0 0 0 0 0 0 0 0 0 0 0 0 0 0 0 0 0 0 0 0 376 0 372 0 0 0 0 0 0 0 0 0 0 0 0 0 0 0 0 0 0 0 0 315 315 0
0 0 0 307 312 312 308 304 304 303 0 0 315 315 0 0 375 0 0 376 0 0 0 0 0 0 0 0 0 0 0 0 0 0 315 315 315 315 315 0 0 0 0 0 0 0 0 375 0 0 0 0 0 0 0 0 0 375 0 0
0 0 0 374 0 0 374 0 0 0 305 303 312 312 312 302 304 307 308 304 306 0 0 0 0 0 0 0 0 0 375 0 315 315 0 0 0 0 0 0 0 0 0 0 0 0 315 315 0 0 0 0 0 0 0 0 315 315 315 0
0 0 0 0 0 0 0 0 0 0 0 0 0 0 0 0 0 0 0 0 0 0 0 0 375 0 0 0 0 0 302 312 312 312 312 303 0 0 0 0 0 0 0 0 0 0 0 0 0 0 0 0 0 0 0 376 0 0 0 0
0 0 0 0 0 0 0 0 0 0 0 0 0 0 0 0 0 0 0 0 376 0 0 315 315 315 0 0 0 372 0 0 0 0 0 0 0 0 0 375 0 305 304 372 303 0 0 0 315 315 0 0 0 0 315 315 315 0 0 0
0 0 0 0 0 0 0 0 376 0 0 0 0 0 376 0 0 0 0 315 315 315 315 0 0 0 0 315 315 315 315 0 0 0 0 0 0 0 315 315 315 0 0 0 0 0 315 315 0 302 304 304 306 0 0 0 0 0 0 0
0 0 0 0 0 372 0 0 315 315 0 375 315 315 315 0 0 372 0 0 0 0 310 312 312 312 312 311 0 0 0 0 0 0 0 0 0 315 0 0 0 0 0 310 312 312 312 312 311 0 0 0 0 0 0 0 0 0 0 0
375 0 376 0 315 315 315 0 0 0 315 315 0 0 0 0 305 304 304 303 372 0 0 374 374 374 374 0 0 0 0 375 0 0 0 315 315 0 0 372 372 0 0 0 0 0 0 0 0 0 0 0 0 0 0 302 303 0 0 376
304 304 304 309 309 309 309 309 373 304 307 309 309 309 309 308 301 301 301 301 303 373 309 309 309 309 309 309 308 304 304 304 304 303 312 309 309 312 309 309 309 309 312 302 304 304 304 303 310 309 309 309 312 309 309 301 301 309 312 302
301 301 301 307 309 309 309 309 301 301 301 309 309 309 309 301 301 301 301 301 301 301 307 309 309 309 309 308 301 301 301 301 301 301 301 309 309 301 307 309 309 308 301 301 301 301 301 301 301 307 309 308 301 307 308 301 301 309 301 301
301 301 301 301 307 312 309 312 301 309 301 307 309 309 308 301 301 301 301 301 301 301 301 307 309 309 308 301 301 301 301 301 301 301 301 309 309 301 301 309 309 301 301 301 301 301 301 301 301 301 309 301 301 301 301 301 301 309 301 301
301 301 301 301 301 301 309 301 301 309 301 301 301 301 301 301 301 301 301 301 301 301 301 301 309 309 301 301 301 301 301 301 301 301 301 309 309 301 301 301 301 301 301 301 301 301 301 301 301 301 310 309 309 309 309 309 309 309 301 301
301 301 301 301 301 301 309 301 301 309 301 301 301 301 301 301 301 301 301 301 301 301 301 301 309 309 301 301 301 301 301 301 301 301 301 309 309 301 301 301 301 301 301 301 301 301 301 301 301 301 301 307 312 312 312 312 309 309 309 312
301 301 301 301 301 301 310 312 312 312 311 301 301 301 301 301 301 301 301 301 301 301 301 301 312 312 301 301 312 312 312 312 312 312 312 312 312 312 312 312 312 312 312 312 312 312 312 312 312 312 301 301 301 301 301 301 307 312 308 301
